diff_word_len,diff_empathy,diff_emotional_polarity,text_similarity
3,0.472552716416626,-0.36467930698606876,0.8584957089406763
-1,0.21019935644885246,-0.303497791038269,0.94426298873875
13,0.34906256229699717,-0.49903512015246587,0.8700987507933444
2,1.094566345697876,-0.29849433864331043,0.9121170424575705
2,0.4806936978688965,-0.024628042805969308,0.8307912020626539
9,-0.06577873242541488,-0.5231691595560912,0.8477970920357543
6,0.8827610020423584,-0.3499043509355431,0.8599684073421573
3,0.46626806225427253,-0.1594607830434876,0.8797883296716313
21,1.8699004056121826,-0.38100123435937505,0.8130011174504217
11,0.5950438973459482,-0.9082939029106751,0.8576605396609698
2,0.06683754964721689,-0.05981844652586371,0.9107017388657579
14,0.23772370767675755,-0.6126501562567139,0.8858744388409814
12,0.3773312569857179,-0.1328298149950714,0.860253123162528
5,0.5809779466083373,-0.1037022764468079,0.8440598660500185
15,0.6241543291801761,-0.3789437408308411,0.8664443777852335
4,0.1299266819853515,-0.1962439118713532,0.8936830577375494
18,1.2549620866226807,-0.517910122687744,0.7997330458171708
14,0.550791025170166,-0.07207539649337769,0.9222412700465146
11,0.15200334756060796,-0.2281289997206421,0.8626539646555199
14,0.9437993469390868,-0.594645440273468,0.6561852038661848
3,0.7352744937299195,-0.296626984769806,0.8906929233763433
9,0.514294624017456,-0.2536495323506165,0.8774740587483708
6,0.36783903876849366,-0.3205791715706787,0.8499846996723682
15,-0.38611137915460203,-0.14189112165277096,0.8005066502112348
15,1.300886392691162,-0.531590819418396,0.7960926434945921
8,0.5395404696572876,-0.16201868672618108,0.87688928537813
7,0.6527571678134767,-0.2972002026890259,0.7996392142787646
11,0.1899173258840332,-0.07025283616848754,0.8843726604765418
12,0.4887884259758911,-0.46801608836209113,0.7293117909058668
6,0.11712038526507595,-0.02800977223461909,0.9266506213217153
21,0.9202435021405029,-0.03472441426882933,0.8142449461667793
12,0.25292563470141594,-0.029262065573120166,0.8939536473363354
16,0.7791736130010982,-0.5203125475308228,0.785939689601373
7,0.3328280452170411,0.018098354642150927,0.9150183331796771
5,0.6798040865333252,0.6476835009954834,0.8821958723138007
7,0.4973359107070312,-0.1133472618819733,0.8950660806507991
9,0.5509430174822387,-0.19192159216333005,0.7577326760261162
18,0.20444309670349115,-0.42909383793817146,0.8990496562479222
14,-0.0010522601481324223,-0.6181696654226074,0.842547389599972
4,0.36792880285141005,-0.1147284505148316,0.884357750036519
14,0.9437991085205077,-0.5946454700757904,0.6561852038661848
3,0.7492296697299194,-0.350351273769806,0.8780312254994971
10,0.5765089984141851,0.04163736125970463,0.8505440338962571
7,-0.06448721891540532,-0.11319029341455078,0.865702337620838
3,1.213394701706909,-0.8436532023861694,0.7572636875852383
21,0.819852590093872,-0.5410997865338742,0.7961213045225746
19,1.2657201293770752,-0.23746716973626714,0.7780776432596334
14,1.2589636441253662,-0.5957880313452302,0.7826450141018801
15,0.798421621203125,-0.37260532390667733,0.766768965559447
18,0.3729400638544922,-0.34621095607806396,0.8153204118593653
5,1.3666808607091065,0.3539234399381721,0.8672596566238674
16,0.9199247361390381,-1.616275281038559,0.7014799427565754
10,0.5725867746958007,-0.2595397238574222,0.7559774316045825
11,0.359243332862915,-0.35358491538813785,0.8141808880002214
9,2.295213044015381,-0.2607529158774413,0.619760318414653
8,0.6131057144811399,-0.5563233197514801,0.7428961038780986
11,1.4322829245020752,0.1369332071486209,0.7395233580168686
6,0.7092540263253173,-0.06773918870169082,0.8447305603545745
14,0.9559090138386233,-0.3101454973846436,0.8206362494183648
17,0.6465098855969238,-0.3721394542248535,0.8896189447891083
16,0.5627720352299805,-0.8748770356164857,0.8182925292946412
11,0.8457301852479248,-0.004302650406402597,0.7810310681740843
14,0.9437991085205077,-0.5946454700757904,0.6561852038661848
9,0.8500074152713624,-0.17551642639944465,0.8148967538554043
8,0.5584866996088866,0.05500268979968259,0.8013347605937344
12,0.24799042977990726,-0.06629812670431523,0.8252467981692304
8,0.015470265881103451,0.1500639918553468,0.9137554459228632
8,1.566260576397583,0.43565368613738986,0.9269514897379343
9,0.8155288695968017,-0.1858730318169861,0.8514527246390563
7,0.8495819571223144,-0.17196255944754024,0.8779309410528244
9,0.23343265036865235,-0.11828982829367063,0.9244267188335745
14,0.14884686456494145,-0.5708632470336914,0.7598725570724149
9,-0.17883062368469238,0.31781429064483646,0.8760464921501737
16,0.4299032687883302,-1.045026481144806,0.711199580373765
11,-0.06473124012976017,-0.08638477298822012,0.8720019675606412
12,0.5136754515372315,-0.566407918881775,0.7941828303058232
7,0.5338134765928344,-0.052313149274078374,0.9290697056153213
4,0.4031896593524169,-0.3409294192989044,0.8775571750887712
22,1.398652792263184,0.37997329241522215,0.838472068397982
14,1.4636464120699464,0.1379767653059083,0.8125647594635972
12,0.7467778919937744,-0.5231336354788818,0.8036145057312668
12,0.7840039729969479,-0.5288482010373687,0.8552726203594831
14,0.14337253614379875,-0.09606653455361935,0.8323544776893049
14,0.9437991085205077,-0.5946454700757904,0.6561852038661848
9,0.7810308937052004,-0.02623945441264347,0.9222390869337638
7,-0.2112758162225341,-0.37490212879415896,0.8707516995931595
15,0.6092109677089843,-0.5145464240396882,0.8042457192584661
3,0.011260151491363612,-0.008297800723632842,0.9035302210791771
12,0.7463574408256841,-0.7457438707822266,0.8661348560816713
16,0.7569959161604003,-0.6896842720783081,0.8309372549945172
2,0.12876641777526898,-0.48165082952276606,0.8575640086652166
9,0.69543242486792,-0.28659951643127446,0.8498995956347877
22,-0.2565276621301269,-0.910932302414917,0.8787265604985337
11,0.413759231571289,0.1586356461947174,0.8283715801269236
11,0.6510497335238041,-0.44288265665155024,0.883052481471489
8,0.5854277611204832,0.09601819531028746,0.9012010203810135
12,0.7971767185089111,-0.2912662922277985,0.825739755281639
2,-0.13732165084970072,-0.15471458426062012,0.7328919024072267
7,0.5922079081898803,-0.2279864214120846,0.8461626592948048
2,0.3783485891310425,-0.14866973413861848,0.8386629156604373
10,0.14211499652710002,0.09764272002429197,0.9328729981014859
13,0.5593299865164796,-1.277799248446045,0.7883191437002047
12,0.1681461337747805,-0.3638054135594482,0.828811985043218
14,0.8992292878132324,0.25468194437811276,0.7982778288232888
15,0.4292175773583984,-0.08583325175344847,0.8670317710099712
7,0.6101845504603272,-0.05042731810418699,0.876025158269314
19,0.9736053941849365,-0.1090211867360229,0.8375311912195444
4,2.411384284368042,0.7821520569935916,0.8335115849417059
12,0.7985361810687255,-0.8362223801191253,0.7461539983567589
10,0.9634854192955933,0.1969405413667908,0.8234052252711044
2,0.37084776177923584,0.02311900224922181,0.8710151969703479
6,0.6671133043048095,-0.09715408065747067,0.7839691156658883
2,0.15355944633911234,-0.2650382520719605,0.9194783005178573
12,0.16360139820080555,-0.9079271555774535,0.7708044792120565
1,0.8694719078128663,-0.19710981854455567,0.8741608752406838
11,0.9785952567053222,-0.4493286610090943,0.7422002520531488
3,0.09569096604736327,-0.07841610900079365,0.8521979921643561
20,0.6458474393856202,-0.6592822074402467,0.7777458173861663
15,0.5837526321335451,-0.3432557584969482,0.8793297183290126
6,0.5671010013990478,-0.6583619718223572,0.880125666142699
24,0.10590589045568843,-0.3326250317778321,0.8855549931097357
18,0.2745380401604003,-0.41776955089575196,0.8356648833566196
26,0.9549033637054443,-0.01812732249383542,0.9231683483384794
-3,0.4852621551346439,0.279473542947815,0.9543032051437454
3,0.4756641388706049,0.038864850727355904,0.9035464584612067
20,0.2366797921566164,-0.1289467813794556,0.8755121733468081
10,0.6754454966234131,-0.047218144055602984,0.891388106334489
18,1.589441776005249,0.015934944539428786,0.7230404582307972
14,0.881908118828064,-0.006863415309600884,0.7560626729314404
26,1.7339406605423584,-0.5045482514033508,0.7761327815726925
8,0.614050447848877,0.21400031445748902,0.8543726659753942
14,0.9437991975205078,-0.5946455900757903,0.6561852038661848
11,0.5452909465202642,0.00560939272692873,0.8687317218900188
14,0.5370244979299321,-0.7126039265538942,0.771044917517015
27,0.6581637857810057,-0.8702008720737304,0.8514284029797727
12,0.7952992918730468,-0.20531177493777464,0.8603566203083699
14,0.7207132575093995,0.09196805928863527,0.8839466294955544
9,-0.1616191859388434,-0.7151738402337036,0.8464366843719193
12,0.6239552494505611,-1.3074743746647948,0.8181829052628171
13,-0.026777982467651285,-1.2797976132864686,0.8445524024535347
18,1.0588595870319826,-0.08303153487316894,0.8953940730349723
9,0.39970517144763185,-0.03157901809545899,0.9225832116217658
7,0.6479828359488526,0.4776611324158323,0.8624527177628476
16,0.4733443259078369,-0.013846635418197695,0.8467875465554989
-1,0.44702279553064006,0.15378165255548093,0.9354513201323384
5,0.7254104612264403,0.48973023848724373,0.7866551200154631
3,0.5086691377369386,-0.526780933172348,0.8556873498648666
14,0.38184428253710934,-0.0757356881624146,0.8495968610675086
5,0.07640814776568594,-0.20358037901562498,0.9682994045781579
10,0.44820833202740484,-0.3879339692939453,0.8472872883222038
13,1.4049697516791992,-0.45767056919702154,0.7532443813063072
15,1.2473821636383056,-0.09074616417645265,0.8151316211472119
21,0.23738932639172416,-0.2464046481555786,0.8668409771330166
7,0.45559191668786614,-0.23128512527711492,0.86075944956772
6,0.7702209356617432,-0.0332242841546021,0.8772053524813661
11,0.9386696820168456,-0.43895953926995845,0.7514588717342607
14,1.0469498634361567,-0.8536100385921631,0.900819503699805
6,1.3888385295074464,-0.7381689550756225,0.8144478011066292
20,1.049342632311645,0.22055327940283198,0.8968696737147482
8,-0.24489247802337655,-0.2949521545457152,0.880063555355831
16,1.4523638489412842,-0.7170629205773773,0.7008409344916766
10,0.6587491038902589,-0.6358222957822877,0.7745859783846307
17,1.5940413474044188,0.24673306946160878,0.8720420865569989
11,0.3744322062873535,0.04784184732566826,0.8973155229249178
21,0.7037993674425049,-0.1905723809821167,0.8538607486085898
13,0.8418759107999267,-0.03804421424063109,0.7616734139096848
21,1.1874462963183599,-0.19695305806451424,0.8415536694978635
7,0.567827462870361,0.06400763954235833,0.7991104131987938
11,-0.023631811636108058,-0.08416974583349601,0.9267611731142305
7,0.9598698611994629,-0.35922062422375467,0.8597860839335735
9,0.5420897006248779,-1.1049613953255004,0.7611250143441358
7,1.9993090624901122,0.18774187563989253,0.8436498755073457
23,0.9088363646959228,-0.10169038130560304,0.8835835172359469
10,0.25978457937158206,-0.6803496782227021,0.8407229545687204
14,0.9837874769215088,-0.44956287697404484,0.7245724000619522
7,0.81294476991864,-0.3133789900221252,0.7795048024120055
14,0.9437992575205079,-0.5946457090757904,0.6561852038661848
15,0.3581969738322752,-0.6225632429291992,0.8255031953333408
19,1.2366907005458985,0.03338074732775875,0.8425519172898427
8,0.4426798820716562,0.2181479338795776,0.8010597926309524
8,0.14409494403381373,-0.10028183503497312,0.8491621347781986
17,0.6807180647235107,-0.34697037928070074,0.857676639866537
14,0.6825604435557859,0.07417011236248783,0.8860641154738158
16,0.8949568274578859,-0.4468573328588257,0.6784108848666189
8,0.710843801696289,-0.28014862576165744,0.8722833666272813
16,0.9237331150020751,-0.24895226943667603,0.7016167541109208
10,0.4950755237214356,-0.3717355134773864,0.7974102685272058
36,1.200262069911255,-0.5552617316419068,0.7529510350497268
10,0.5233411786506348,-0.22701430323217742,0.7856413929340496
19,1.164999366216919,-0.4276500343281555,0.7620221679337998
5,0.9099391698511963,0.21141719785247792,0.8643116155743145
13,0.5701252226619873,-0.1994071901139069,0.884884915355185
12,0.2715717555413819,-0.3692661524658811,0.8877209303369484
11,0.49642813200555436,-0.2683803439806214,0.8210495983774942
13,0.5430786611917724,-0.04251003284552013,0.8739302838521483
10,-0.06644499302130136,-0.040878117511230494,0.9086580052329547
15,0.15356910190356454,-0.17565119294055176,0.8732814087382517
12,0.591790914697754,-0.7802104354773254,0.85015283840951
10,0.719258546732422,0.04177165007385231,0.855753733445795
18,0.14114296422625716,-0.17764085510726912,0.8990173071919318
20,1.229951143612793,-0.7114104036687623,0.8187407660249586
22,0.1850149632625726,-1.1235704424022217,0.8153434788730929
10,0.5798664093057861,-0.2345151902244873,0.8991119676015411
19,0.7899575229820561,-0.14485830065499883,0.8454266295627784
12,0.6518939133918457,0.07014578590403747,0.8164458479150897
18,0.9519094228651123,-0.43234357257749934,0.7491692454951986
13,-0.04386997220300293,-0.40499556088018807,0.9027136477081906
7,1.3997467754172364,-0.2849186662155152,0.7537417674210047
9,0.1968824860596925,-0.3635044101484983,0.8807124681011064
13,1.0316889285738526,-0.16919493661853058,0.7298142758077177
10,1.2250212431175538,0.36492478843817144,0.8283826922893993
15,-0.06778121043908669,-0.7961137888596497,0.8893185531613926
11,0.28780209977941884,-0.3807644846234739,0.8564382556577301
11,0.9294149873692628,-0.018139362702270567,0.8457756815984239
17,0.8316984180075684,-0.18527805832604982,0.7632853955419338
36,-0.043523669199097004,-0.43516546508212284,0.8053908322019223
11,0.38162755961547856,-0.33177983742785644,0.838431531139854
0,0.5240693692668457,-0.24333801830339052,0.7680171934304437
3,-0.002854585207153093,-0.6035304072300416,0.8631212223806324
34,0.8703472612561036,-0.7277612091129455,0.7476578838360907
16,0.20510649723083496,-0.6722288131854248,0.8300693695359727
6,0.2748428581357423,-0.3497712607376099,0.8186147537423858
28,0.23427963294262688,-0.25495690104605107,0.8419528063404037
14,0.046991467972900436,-0.8260335028268586,0.8025562692655889
18,0.9519094228651123,-0.43234357257749934,0.7491692454951986
14,0.9437991085205077,-0.5946454700757904,0.6561852038661848
3,0.8271962408983154,0.0761036873729859,0.8357084275244355
12,0.2513778209077149,-0.3640416855695192,0.8851522309753257
17,0.9586501119649657,-0.30628585863519286,0.739837111072088
9,0.43947541703405757,0.17579200909161374,0.7805170913635167
12,0.37834107871899425,-0.002868265337203968,0.8275631875235092
13,1.4714169498590088,0.2398566003963012,0.8031361245534656
9,-0.3300635813546142,-0.7156876323926391,0.7802246481003134
12,1.0636582376846924,0.18105852597460936,0.763801326172389
9,0.27277278864691157,-0.12438023068743886,0.7898844784118926
16,1.0396418570880126,0.05207276307000708,0.7859776718238793
11,1.1417543891053468,0.09507498176936341,0.7925421514141304
18,0.5317083598184811,-0.34571483730207825,0.8173656825008715
14,0.34502315492932123,0.5300205351239929,0.7455092322070612
7,0.38474625373052973,0.13130348937425235,0.8483007737668578
18,2.010599851392456,0.5319446327998654,0.7353367238673452
11,0.45659911601599124,-0.6158010960360718,0.7405315999855043
6,0.47444856205493213,-0.010978459837188814,0.9141335006098712
16,0.3829627039012453,-0.7027600999882813,0.8152033035400359
15,0.7961087226480721,-0.28691852046502686,0.8507549145416986
12,1.4574358463283692,0.44279709486505126,0.7603200093030961
22,0.46900141250994876,-0.01150536530325319,0.8425315384280601
14,0.9437991085205077,-0.5946454700757904,0.6561852038661848
3,0.9376726747186279,-0.04717725535171524,0.895089754206717
13,1.0541445016229247,0.2229944470291747,0.8209423677714593
14,0.8265866638787842,-0.2045442459260558,0.7681658498973045
4,0.7094051836724855,-0.3559421304249879,0.8732960426595135
13,0.05570125616772481,-0.9243865609617004,0.8447761591817786
2,-0.5730242730261232,-0.6063876152088012,0.8541566545348438
-1,-0.09947562173315427,-0.24216794973437505,0.8597619251881667
17,0.7278907295501709,-0.19566911497067263,0.8901530272592886
23,0.18068575884826665,-0.3098877666878661,0.9240570160767602
-24,0.15438079795715343,-0.45846319232147215,0.8162691228820553
-26,0.09682774545593276,-0.2660603523286744,0.8567860564831047
14,-0.08917677431817617,-0.2040642504746093,0.9299975817439818
16,1.5361567736378174,-0.5925352871318512,0.7161318607401859
12,1.1064958568431402,0.21018552815032954,0.8622135140703138
31,1.8972913024534912,-0.4238979220013732,0.5514953370006213
8,1.3450953962108154,0.19119030255908198,0.7356277345763025
21,0.8473409415314941,-0.1633908750087586,0.8207823909774838
3,-0.03677463561950689,-0.05614382052343758,0.9166241591293971
14,-0.13054430487860103,-0.6169572468605042,0.7549735371857804
15,0.34342050529565427,-0.22251996419755554,0.7214180928245701
7,0.5891416071409302,-0.11360511148657232,0.8217979848050874
10,0.6286926868955689,-0.057958900769485455,0.8932751305136548
1,-0.161198377613037,0.2656258341091309,0.9209508962589111
15,1.2723352913651123,0.1487383839798584,0.7994859981145668
12,0.5156108141536866,-0.18932795541314706,0.8636880323949406
24,0.8049228196302489,-0.5976208452226563,0.8495035199744603
14,0.5834339854830322,-0.16385096356048579,0.8484825131650308
16,1.6232243773164063,-0.21607088993737789,0.779485518011815
16,0.634864568869751,-0.2770404366220932,0.8445880211238437
10,0.7984423636765137,-0.19261547586218838,0.8976614116158579
9,0.2992409471458741,-0.09752357001110834,0.940443087755848
8,0.9470870497302246,-0.23663926092651377,0.8859756629634654
4,0.6749892232330317,0.1962044239454961,0.9008886180331305
8,0.1539692882807615,-0.04938364009326168,0.8881250259791762
14,0.9758729936574706,-0.43717619764918514,0.8436103271900053
19,0.5080127711834721,-1.1537161469849548,0.8240419230989118
3,0.1599366666290285,-0.0898619891923218,0.8844337689565065
8,0.5419585707834482,0.12318009137977598,0.8210270151334123
14,0.950845718118103,-0.30239438990136713,0.7694270519480418
8,0.3020639414868165,-0.16888260869015503,0.8387413696015771
4,-0.07106804824133306,0.008278668194580063,0.9153816354247457
17,0.8597156998398443,-0.5667748751294098,0.7106026877994951
14,-0.08801579524462877,-0.22573953881536868,0.9053326055358052
12,0.4522323604697265,-0.12040421373472598,0.843819642572581
3,0.3842864036262208,-0.20089328266748052,0.8875249725369138
6,0.7959408756141362,0.03060165042198182,0.8228788074684693
3,-0.29730367628674315,-0.08315294940884399,0.931776955278228
12,1.10398530963855,-0.17261788250553894,0.782204764964322
3,0.3104270700454712,-0.22393056781529236,0.9046575887244204
16,0.23048496210534664,-0.6140784024487915,0.8044559839353936
11,0.11996626879373162,0.0970417260253143,0.8246197277820544
14,0.8112336995307615,-0.4283876716573639,0.7304512588196841
2,0.725663303992981,-0.3216274972304687,0.8852552029443967
11,0.9968535900173341,0.0882308482653198,0.8406396447933677
4,0.6221554874863279,0.2880620953011477,0.8439611801351521
18,0.7596495151480722,0.05898678307916261,0.8651300002408132
2,0.08923006107171627,-0.040465057246063196,0.9058376326093268
-1,0.3690288063096925,-0.1124618052385864,0.9534471274530905
18,-0.4119968414278561,-0.6352449651550902,0.8850614315483676
10,0.052872419342651966,-0.33459246127099607,0.8518049165984276
7,0.5197744364927979,-0.6195696596398925,0.7584744359111961
9,0.3785928489631958,-0.059634268271179236,0.9030215970897925
21,0.5620603556624761,-0.5281653996330262,0.8088952698895346
3,0.3603093628538818,0.018260896695526108,0.9535664845132901
8,1.054256916522339,-0.4565299150085145,0.8257769340482483
2,0.6062655443983154,-0.16190767280047602,0.8894370925631054
8,0.4268980022584228,-0.25776267091845706,0.7982032844608731
4,0.2572803495727538,-0.17687356506793217,0.8326465090251813
0,-0.08976936388513179,0.3381834029754027,0.8917824272116095
9,-0.021255493342681953,-0.025930404491455117,0.8619499792933274
8,0.42967915546911595,0.06424558145690917,0.7808567491000002
6,-0.00384235423602286,-0.27666473406399544,0.8772289747722788
1,-0.09217256297793575,0.13398718866589354,0.8363179698626606
10,0.2843850846228637,-0.06385618401641846,0.945386101565177
15,-0.03615617797814963,0.01976704613439939,0.8961758718288664
6,0.7573504449286499,-0.026877284453872663,0.9038223803329974
15,0.6007897857659303,-0.09857732081765747,0.8378963072267982
9,0.5003004670800171,0.09683591102597044,0.7880448179820883
6,0.8622734551500244,-0.14192128183081043,0.8359254349012852
6,1.0858664508775635,0.3752554658072509,0.9374854514454345
11,0.576923846968628,0.49878108536962884,0.8654097551523952
0,0.12332725557330315,-0.0321285728042604,0.9212915750168142
9,0.2871583697694702,-0.11603352453108223,0.8914558852246681
14,0.9437992575205079,-0.5946457090757904,0.6561852038661848
3,0.7352744937299195,-0.296626984769806,0.8906929233763433
10,0.7948713304124762,0.1512734886473388,0.8809298288343004
9,0.14164471611206064,-0.49060499642669675,0.8054210849361417
9,-0.0012197495947270376,-0.4304217103858645,0.8984918663150284
16,0.7087013719659425,-0.38303446803778085,0.8266289862155831
14,0.1901242737757567,-0.31177571401087956,0.870703755161518
22,1.248338460494751,-0.05231904973840329,0.7511554831325803
9,0.26802241813116456,-0.090222894754303,0.8650441019708094
13,0.583264410571167,-0.21054494397943113,0.8287005653250376
10,0.26033735266711444,-0.266299248168518,0.8428457549930957
7,0.4651266331541748,-0.08696866003399661,0.8724987105789047
12,0.313093304293274,-0.2479100231067506,0.8589796232052335
12,0.777821182970337,-0.5297518969318848,0.8079600730546125
12,0.31973397756958,-0.18771940486721805,0.8981459641417233
7,0.7351500989107667,-0.04816102995954902,0.8283772193577545
14,0.15957546258605992,-0.030127167498550433,0.8806549228391671
14,0.5366399288411865,-0.8390146200474091,0.8356952912237782
6,0.2747091052053223,-0.09275680828370667,0.8427669350694582
2,0.1367470030701905,-0.4349423648953247,0.865892850390138
10,0.40810704275750753,-0.2776308658806458,0.8980233213436033
14,0.9437991085205077,-0.5946454700757904,0.6561852038661848
5,1.0311050417789303,0.286873817663269,0.936981423323455
14,0.8518339988787842,-0.18234246992605585,0.768358917422657
10,0.7958812711429442,0.685768604413391,0.8938035341268652
6,0.1214675304532471,-0.03788334126037596,0.9024297459006211
-2,0.010638237197509781,-0.6103688480836182,0.8637963833917435
19,1.2416863442612303,0.7561963793881836,0.7414068469477856
12,0.526918411342773,-0.14711594545477302,0.8627345572049816
13,0.3110115530157471,-0.4277009368577881,0.7981342160072052
3,0.5263357166698,-0.2691568138184204,0.8915679131202092
14,0.9743080142091065,-0.22498738724414058,0.7135316950669701
10,0.0833513735415039,0.016117453354980382,0.9191752761725206
11,1.1020637157757567,-0.22080844660263066,0.8256964050017457
8,0.3205811978323969,-0.21521663645098887,0.8726821472618033
16,1.0455000404747312,-0.08440423036553946,0.7450770745046221
7,0.14526462532873596,-0.08971333510223412,0.8170514174707624
10,0.6038076880372314,-0.4219993952096863,0.8105979599512991
9,0.5430643555280761,-0.3926471471848145,0.9232119358159827
21,0.7652249340671387,-0.019480943935363815,0.8396880932388583
11,-0.045663118572387695,-0.23529565323059076,0.8919473669794622
21,0.5505647661224362,-0.2491929535938111,0.8039734551995992
-11,-0.23292386569311518,-0.18239521991729735,0.9290414222777362
10,0.669529914510498,-0.3795687857971649,0.8457907123316533
14,0.9437991085205077,-0.5946454700757904,0.6561852038661848
25,2.9936709999187014,0.6030719284525756,0.5112173842051972
14,0.9437992575205079,-0.5946457090757904,0.6561852038661848
19,0.6122426985285645,-0.46483626980290227,0.7960841628443446
10,-0.8927512171125489,-0.44910204425427236,0.7704894940505954
11,0.496679544406494,-1.1308990715708007,0.7978182150116806
13,-0.4176824090776359,-1.2034310699707946,0.8057866220114076
16,0.6401983500256958,-0.039558589870193506,0.8484447232509371
11,1.0272054675828857,0.07293710127346803,0.8056172192890477
22,1.8922638295535887,-0.12548559856048586,0.7289218086877849
19,1.0219771864431153,-0.24138122821942143,0.7862575091138949
15,0.19740295363208027,-0.35207748424322505,0.8242828245753325
9,1.4155614377840575,0.08305990685876474,0.7268799765257404
17,0.8693120475975342,-0.7562767267662964,0.7620857032851244
4,0.06074750403082274,-0.18575716044940216,0.8202832761550092
19,-0.2617638108123779,-0.9669722321401977,0.7836016416964195
21,0.33554148717309595,-0.6055572036917725,0.826889819397407
20,0.3747200961224366,-0.4468654095464325,0.8411159189358277
11,1.9096925255841064,0.517961144786499,0.7197962469559891
39,0.6691355706000977,-1.2375763659428711,0.7535426986958358
7,0.7113033529952402,-0.47430887792256166,0.7844206242073823
13,1.5453944201695562,-0.34643721578961184,0.7292959543451589
16,0.3189207320110473,0.1657783093909302,0.7955796556414688
14,0.9437991085205077,-0.5946453806688232,0.6561852038661848
10,1.1490871909089355,0.11577343969525167,0.841328369012232
8,-0.2863283152359619,-0.0029428006160279185,0.9095936470709869
4,0.5408096313713378,-0.011494517675170846,0.8803591010701841
9,0.07316958952600094,-0.03476333661541753,0.8819568875829576
9,1.1470111015651243,0.11996138065985118,0.7801001870283585
17,0.4284553530563966,-0.368846416908142,0.8664843262712755
16,0.9303063154312745,-0.02618169793096925,0.8035393010508558
16,0.42670416828076174,-0.054951429217712455,0.8867817178583439
1,-0.04370427150292966,-0.13381463316226205,0.8780807512225273
14,0.3893707988362429,-0.005593299534027096,0.9228397905178196
18,0.4232087130562745,-0.3158739805332642,0.8584706889904871
2,0.5643397568796389,-0.02501297010729986,0.9462443396672163
8,-0.4041845802043458,-0.12215471282147217,0.8791501635611703
13,-0.23047804874353028,-0.4296746252390746,0.8603477996902902
16,0.5248632429713129,-0.07739806178735353,0.8812492771717603
9,-0.339376687951904,0.006157279052017239,0.8711733891972763
12,0.7706152203234863,0.08912819655856319,0.8762907237812769
4,1.062199712148437,-0.6026929024474792,0.8159499326058625
21,0.8344182963983153,-0.15529578951531986,0.8639352952599136
16,1.2581123115115966,0.31734228177923574,0.8970909672195619
17,0.6594142911257324,-0.20021232961436464,0.861610511641412
9,0.21577227111096187,0.05019554469914239,0.854745554994194
5,0.23017579304309077,-0.12416929021530154,0.810238118207766
7,0.304075598602356,0.06133723251397705,0.9103280161306198
17,0.4767656323692626,-1.1482644084223022,0.8584720426858814
6,1.2602639195465088,0.17229485503924558,0.8088608875525589
2,0.2639849184907228,-0.137406587323059,0.8873459793118635
5,0.058567642953125,0.02465593836407487,0.8613800273481232
13,0.5024687053792725,-0.5481126307649535,0.8331009569680916
15,2.0788063410507807,0.46965396447375485,0.8024856749079665
17,0.3128378388972166,0.05582106126245123,0.9364399646602064
8,1.2152749302720947,-0.05697989470001219,0.8107923320747678
12,0.7854471203609619,0.154750227956848,0.8878644716620426
7,0.3867294792447509,-1.1188610200805358,0.8621398787747117
13,0.24835705770605454,0.035145640431823555,0.8679457317657141
6,-0.2554078100670165,-0.014371395094970651,0.9044858779800851
13,0.354435443456421,0.08366370242822263,0.8429587559267996
11,1.0541191098634042,-0.07631373396148677,0.8966454067763209
14,0.1725630759827883,-0.12131369086083987,0.8907600068648953
18,0.8827301259465332,0.018782764980697614,0.7811813487884967
5,-0.07056152816302497,-0.2672293780862427,0.9251282568087499
13,0.5787818428170166,0.1624574958356781,0.8548275268206715
2,0.37084776177923584,0.02311900224922181,0.8710151969703479
13,-0.2115259165760497,-0.03912198583538817,0.9117126711422882
22,-0.2560536865156249,-0.28994381447705075,0.862998535785626
9,0.09000468241845683,-0.02214193369085704,0.9311755492627694
8,0.7512235639635008,0.25185442014971926,0.8938768901697676
20,-0.16231179196057122,-0.02756220119998165,0.8921701124024546
15,0.11449956940490713,-0.11130237587786862,0.889613959177197
7,0.3550634984859009,-0.02343666504089359,0.8465121519597237
12,0.29487985328784183,-0.32252717061967473,0.9192087531885218
11,1.253044009571045,-0.062371313758117664,0.8783769547322569
8,1.166007936345581,-0.06922352304699711,0.8420851583462504
18,0.7097957138449706,-0.1834619637701264,0.8405178544405196
9,0.6080678699213866,0.05587244042327888,0.9191187843283248
15,0.25941097753717046,-0.04952299575039676,0.9008988668609483
14,0.35511159921960456,-0.05890584016401673,0.919205785921654
6,0.08153295486486822,-0.024313687793609595,0.9413905395581053
12,0.7643154857915649,-0.11628538345620731,0.8498406562001853
29,0.8937542435968018,-0.19101181619776925,0.8987638282463736
10,1.141754627514038,0.028501793943305903,0.9152905139452272
16,0.3089721204290772,-0.05893141019619752,0.9467163860051749
18,0.43161916743396,0.3309484723409729,0.9018666905156749
10,0.5592181686768798,-0.815453946183319,0.7901709252318956
13,0.7678557631827401,0.09053590918862914,0.7505336240353998
6,0.5821567778337398,0.30594679667059327,0.9236167535742735
7,0.40540456792663626,0.08743536480987579,0.9056084473735033
14,0.3130660053765868,0.026652902596008277,0.8296728376473059
12,0.8026623723206787,-0.1488006110168762,0.910299634161011
6,1.3966497184349365,-0.33586053539505767,0.8717841316664557
6,-0.5078177453843993,-0.10849440065270999,0.8206382724841732
11,0.2999473813095703,-0.19990113375654606,0.9158104244014698
29,-0.16848587996728526,-0.7759900690088195,0.861427844168704
18,1.3597438332922362,0.038454592605636606,0.9039166203472979
19,0.44822680965417483,-0.11550885403372191,0.9085946153696252
9,0.40648269615045163,-0.1267269550421753,0.9067894273423609
6,0.3593172433918457,-0.04079386585685729,0.8184064596195897
14,0.8112336995307615,-0.4283876716573639,0.7304512588196841
14,0.8112336995307615,-0.4283876716573639,0.7304512588196841
7,0.3008685108289795,-0.4144222740081176,0.9367554890460761
12,0.8353873495048829,0.04962575413763459,0.8100867225585285
9,0.3874413970170898,0.06634557290136711,0.8837201847033433
10,0.8176736829561766,-0.427807689159851,0.8948854391006024
7,0.6237580771746827,0.1969218254683227,0.9003350243570964
12,0.5399162768552248,-0.5736614167981415,0.8210900993318089
11,1.208003461804565,0.33999097316400173,0.9185128330897762
14,0.9202214480216679,-0.6157866718076173,0.717706012590428
4,0.0449454782337646,-0.12269067794012456,0.968271790043243
11,1.360162735210083,0.1856273412400513,0.7949070735518813
11,-0.11351418504565425,0.19585287613055424,0.9161762009380297
12,0.17596268613769617,-0.521737694489441,0.8337835739578714
9,0.46256160764916987,-0.21661603444891364,0.9093037219481699
19,1.845870733270874,0.19697535030401592,0.7903855883313722
4,0.27682816958593737,-0.01250529280938717,0.9395721584128369
10,0.3567237853216563,-0.4259054659595948,0.8079362035856897
14,0.9437991975205078,-0.5946455900757903,0.6561852038661848
16,0.7615264059324951,-0.5270140469946443,0.8361568833034096
15,1.1368508340305175,-0.1671192645690307,0.8349053261045992
13,0.006559610843383634,-0.20826780840985126,0.8579474769463122
6,0.650346875135559,0.02710926500286881,0.7977835163361843
9,0.1506264208176269,-0.5281352992173463,0.884838147966682
24,0.7736253740828858,-0.7168335617850801,0.7875318355686782
7,0.1357674596696774,-0.3404172661165159,0.9368983516218135
13,0.883648992074646,-0.06791007508483882,0.8053375451825782
13,0.40966272347045907,-0.407008170984436,0.8784459179549399
13,-0.2934048179188231,-0.8749415871998902,0.7819920127985263
2,0.36339509485321053,0.10355532176800541,0.9058838588971057
8,0.2773494722653198,0.29931813475268554,0.9176093521347273
9,0.5189501046468505,-0.77647086972612,0.8537739667698925
16,0.9726035595170899,-0.2526737450787966,0.8046222175372152
11,0.8318066593406983,-0.5761540829066925,0.8344164506780608
18,0.092234849439087,-0.9693352576651917,0.8326538532849078
12,-0.18482041345385758,-0.21579539733508302,0.8308868925842938
5,0.910310149408813,0.11159947552484129,0.8847529818084858
7,0.5666515825173339,-0.0745562907601624,0.8309900683221935
14,0.9437991085205077,-0.5946454700757904,0.6561852038661848
10,0.5753331777316897,-0.3891193868547974,0.855354636516878
14,1.6672695871397705,-0.3044420478067016,0.8413068562352091
9,0.3464679714989014,-0.3178401592389526,0.8456315151458111
11,0.8423824307062988,-0.025931239114501903,0.8227784930926303
12,-0.6909589772392577,-0.6509710554188846,0.8582304965241587
12,0.6550489659523926,0.2569710869002228,0.8230672667744071
10,0.15249729144274893,-0.9227436782005003,0.8041618693034807
13,0.20760464624743658,-0.390051603335144,0.7877240539483182
17,-0.03655362172851584,-0.7221051450293579,0.8409443268417672
18,1.0628902912979736,-1.1537710128638763,0.7519384576765239
20,0.07154703106774907,-1.2751263376177366,0.8494104242360316
18,0.7269921303660889,-0.6631363329278108,0.7728157241726412
7,0.28343772925939925,-0.41513681433923333,0.8717803580806163
13,0.7736449242652588,-0.9011173247576905,0.8095289984284637
12,0.5684254164897462,-0.23348939382135003,0.8584031408960968
13,1.9140617844239503,0.05881714805255123,0.8420706278730579
14,1.6397848132441406,-0.04547274066033946,0.7395087098599393
9,0.8508491518660888,-0.8841722607446594,0.8632001139970968
7,0.33461213144299307,0.009880543061096203,0.796235934182701
5,0.7095990776278689,-0.031390666897582964,0.8142708050523562
15,0.41292357492407206,-0.5313961506775513,0.8937159550942079
12,0.775303006145752,-0.7942957882543946,0.7276475355679023
10,0.6395343540102538,-1.0616822244005737,0.7211898809831323
14,0.015934944380127103,-1.2003061773745118,0.8367596128764794
12,0.4281507730004883,-0.8375973406639252,0.7449861705024545
6,0.6711389426785889,0.1392297152291717,0.8281305428020624
8,0.08094811447409056,-0.3656616513937531,0.8147441124978014
6,0.33907914142150863,-0.06794774482452404,0.8868734655726729
10,0.9858860971993408,-0.6902024742054442,0.7685230891298143
14,0.41090202362634276,-0.6340846416976624,0.8156283491932569
21,0.5008180139035643,-0.46176025230995177,0.8447003586172415
19,0.4792717694747315,-0.6433703897760621,0.8195989152716245
15,0.5510644908552247,-0.337862610671936,0.8470516573096465
12,0.658935307993286,-0.48601675063104244,0.8334633088286452
9,0.7936036591722413,-0.46362590774389645,0.8647894756611533
14,0.49851465222399893,-0.1370134057786408,0.7879570430796436
16,0.029966830929199162,-0.6249717473814698,0.8386925463501029
12,0.3534888025872802,-0.1902311446871643,0.9212196414408397
1,0.20227456083496076,-0.18079566938134772,0.8576599912146645
3,0.3901218173366088,-0.15730673102236936,0.8580262743239295
7,0.7141509052037356,0.2704171840686035,0.8049167968289035
11,1.0068396930130614,-0.3104213180494232,0.7933897586839658
9,0.064395189058716,-0.5685151819688721,0.8644350321541154
20,0.5495796208016361,-0.8253345487981567,0.7822043631000625
15,0.2328994271625977,-0.15194815385684202,0.8860843915400451
8,0.6792443994754638,-0.08887475768319697,0.8383785625313965
13,1.1496016980615233,-0.2334298784502411,0.7737717182711588
10,0.8374825719340211,-0.034340024376831035,0.8868925866886075
8,0.04826354984863279,-0.12163284437437438,0.8733562913446046
12,0.20083045997326643,-0.31067073319122307,0.8013275953566052
11,1.3370699885133055,0.133110404256775,0.8462313977280821
11,0.444839477952514,-0.10828256635345457,0.7069798449907092
11,0.1818284983863525,-0.2786210775687866,0.8946969965637326
15,-0.06072211279675299,-1.2773869040264894,0.8394354694085394
13,0.2682762147603759,-0.2926935556158141,0.9130433334051726
5,0.34336858986645513,-0.2970863585093384,0.8839571558873511
19,0.6560156340684814,-0.2070457342970886,0.7103701988264912
7,0.3564634918948364,-0.016795069415115438,0.8374786149313802
14,0.9437992575205079,-0.5946457090757904,0.6561852038661848
3,0.819509327097168,-0.1775567528584595,0.8488907561696744
9,0.0036666397150879604,-0.0779714581110229,0.8842990605638319
11,0.3040859697243652,-0.6347979308509522,0.7569510878045118
11,0.5494430060695801,-0.20322883126879887,0.8358993003295525
18,1.599308014324829,-0.44082617760583487,0.7446419640225476
15,0.3960428233197022,-0.7953845862822571,0.8877643854243543
8,0.6534047128656004,0.17326688733233642,0.8493817027943458
4,0.6419200900048827,-0.16835856409997563,0.8110886491175746
8,0.7516250614376219,-0.6369167568226319,0.8065235227799543
17,1.376562356890747,0.11196839797521951,0.842857355083185
9,0.2947001454539797,-1.2894229884802857,0.8645839482009556
10,0.03382086738684076,-0.6387122277393493,0.8284990284972347
11,0.4440683122832032,-0.13894987122930913,0.769003839520501
11,0.6882839198812256,-1.4133190217476959,0.7657710926677973
14,0.8774309155006104,-1.7665480445052681,0.740202697474341
6,0.5701035264860841,-0.08565914619714365,0.9137697669025391
17,0.02220058450329576,-1.5305678840878905,0.8355254308124827
23,1.0022628312331543,-0.539133995451706,0.6581273870090264
20,1.08555710343628,0.7534734605165403,0.7920795200545556
12,0.1009655002897949,-0.4153029359973697,0.8643068578142882
27,0.5828614237708742,-0.5836226047686309,0.867354245025253
9,0.6368130447727051,-0.29613548497589115,0.7667423366716606
14,0.9437991085205077,-0.5946454700757904,0.6561852038661848
11,0.7222608330687866,-0.13990834326759338,0.775407112522247
16,0.42786335902233885,-0.6464100483936461,0.7306810483622803
23,1.651964187800415,-0.10153806182983405,0.7884371507687881
14,1.3107048270950927,-0.36279964463793957,0.7661639101719293
1,0.883340359196167,-0.09822487795318602,0.8210116713867222
7,0.3139939304660646,-0.3868569135407718,0.7619378009935197
6,0.3364808556405028,-0.11738622177856439,0.9034195061376349
9,1.0130450724985351,-0.3074148889595336,0.8506625273848117
13,0.566019773133789,0.008702874191528265,0.7975702000604425
20,0.6026518346954344,-0.08924341213275166,0.8511007343453614
7,0.23837172958605968,-0.013568937400939896,0.8041505047913939
15,0.23162436459692382,-1.1092659230714723,0.84261324666749
4,0.3067359924908448,-0.4453687667572632,0.9217463145358568
18,0.370206117838745,-1.4909755886988372,0.7720770464911937
19,0.6327812672760009,-0.3958927397399292,0.8273116808189299
8,0.9369075299135741,-0.16447615601202403,0.8432127592492389
13,0.3295564650968017,-0.3579775092404176,0.80085000516289
17,1.349202394444214,-0.980521142683136,0.8057947127809486
18,-0.12051892330090341,-1.4295851890604705,0.7136663935390011
18,1.326446055878418,-0.6761388186712951,0.7319391630691982
9,1.9685454372192384,0.2098194362353516,0.7477295434780635
13,0.37868851467016607,0.12682536232177727,0.7801860044059383
8,0.4083362225401611,-0.18263891360774231,0.7831530317179742
15,0.9341350197390748,-0.4393562975922394,0.6521187598222336
11,0.33952265967901596,-0.3327409621466675,0.8532144435713971
8,-0.17060208369042984,-0.08868563125555418,0.8531983156852427
6,0.813480376920044,-0.2590417865874024,0.8140873647236381
12,1.1490033860924072,0.12602251772406003,0.7372400325543769
10,-0.2855122085828863,-0.5983008150014038,0.8413921555906211
17,0.7029564385500489,-1.0732444968768233,0.6896553835066304
13,1.3392312530599366,-0.4242777822107544,0.72387350144909
11,0.04243707674243202,-0.7789555783953857,0.8244268082085826
14,-0.03788256608813523,-1.2519185540974123,0.8411565830521714
6,1.0455839635950928,-0.6028383972684326,0.7532947516468739
8,0.602946519539795,-0.20792532006872566,0.9015743126285312
12,1.67400455439856,0.5756684538974,0.7091288475613339
20,0.2841186523085937,-0.6593373122753448,0.8099385664551602
17,0.66633963587146,-0.982350826630066,0.845780571183171
19,1.3585593704560548,0.007953166567443937,0.7983192548850664
15,0.9188852312189941,-0.6285741927663269,0.731927938348712
20,1.2196629043005371,-0.43811178206622325,0.8359369775544907
10,0.6885491611047363,-0.5652649699205474,0.7660067055909926
16,0.732656896005127,0.2127979283451156,0.8127304175486156
18,0.5474962590508425,0.1908459177060394,0.8265823330196702
14,0.8112336995307615,-0.4283876716573639,0.7304512588196841
14,0.9437991085205077,-0.5946454700757904,0.6561852038661848
11,1.54069185297644,0.2735793595309448,0.8391014877859662
5,0.1633415222379151,-0.17852771274975587,0.9178092904710964
12,0.9834374187322998,-0.5797762271731262,0.8202290139425987
17,1.061746120033081,-0.1288978459387513,0.8015595555828089
9,-0.24745988892175275,-0.5316966773008425,0.8121715222803808
15,-0.17711114921472149,-0.3971377612322389,0.8840091848255669
24,0.8493511681186523,-0.5967051978138427,0.7932132025654364
7,0.6206157212022707,0.47852504247735594,0.9133546726315191
19,0.40170574204565446,-0.8253204820864868,0.8283593452965714
10,0.5311450960681152,-0.31737637546698005,0.8686426664471867
12,0.6013729570413819,-0.38431733800228884,0.8275455335515172
14,-0.11240053175280762,-1.2683061954163513,0.838721922321874
18,1.8429813384779052,-0.4996789690529784,0.8158040819501277
13,0.6217017174727784,-0.15660840286184696,0.8932959295579472
15,0.6896315818045651,-0.5973682399248654,0.8151437636698344
8,0.11612772949951156,-0.13303756729034433,0.831179988218788
16,0.28843283694787614,-1.0649242996756898,0.8655208091882441
10,0.8484017845396727,-0.245810925623291,0.9041699458681363
13,1.0134767295328369,-0.30417567532809453,0.8421106924981259
8,0.6952152248082277,0.043339967455627404,0.8703280550692479
20,1.790991664190185,0.03212308918884288,0.8617368719362741
12,0.7415821556809084,-0.062270641769287094,0.8893652026175831
26,1.0681324003446044,-0.2010340691871948,0.7466719334124834
15,1.0963468552025142,-0.06616294347509766,0.8635715367681257
13,0.37074959315567013,-0.010535001818435696,0.8105992493256957
9,0.7345545589819946,-0.2464238409758911,0.7753005737487895
9,0.4852566715230715,-0.15885257708422795,0.8068219113971387
15,1.015015602043091,-0.37038052103894037,0.7660019295110805
13,-0.014451980101806594,-0.40651807232737736,0.8325413321726804
11,0.1685049534793701,-0.8098936079724122,0.8466186778415292
5,-0.2977769377042234,-1.2377662363345183,0.7771781570520787
0,0.03871583948352031,-0.28568708865155035,0.8858980178223956
12,0.862730503149292,-0.0861753229736939,0.8972879449067517
11,0.17992401105212386,-0.21618175461981193,0.8031112300580987
13,0.5276212695166014,-0.1831349135302125,0.8686852212147241
19,1.6489148141177978,0.10189568978057872,0.7810051418673578
21,0.8082528112907714,-0.4903522730441896,0.8870887911451366
8,0.02492403947509758,-0.1799886229084473,0.8597216775615387
1,0.48732376108654796,0.1724720004677125,0.8143138418179187
5,0.40920972872485306,-0.1530980761904755,0.862223991921129
10,0.5308811664484863,-0.07438534482131953,0.8198076726240368
11,0.4362685683702403,-0.19249057789862056,0.89210528799804
4,1.127572774552124,0.0796716215936126,0.8543990775797818
16,0.23329162623693867,-0.39622127977362065,0.8469811535352795
13,1.180535316166504,-0.6502872706293334,0.7450384695464165
7,0.6556498999439693,-0.34790593434140016,0.9063256049722501
3,0.3326762319359131,-0.08927625422756957,0.8648981020646546
6,0.7219381327501222,-0.43173855540475464,0.7418484230087339
14,0.7488963601115723,-0.4025765658184204,0.881380246729365
8,0.8309061528098145,0.07466027147180176,0.859719150766361
10,1.2259700294179687,0.21548554292547606,0.7801868424891254
10,0.20874345337268085,-0.3323649764837342,0.8678858995801352
8,1.1373774410562745,0.30524802231781,0.835916620977221
3,0.3026208285195925,0.2697119115637359,0.9030918276230001
14,0.9437991975205078,-0.5946455900757903,0.6561852038661848
18,1.7495670319453125,-0.25855499534255977,0.707294742294962
12,1.242094695604248,-0.07511204475683603,0.773213892789886
3,0.7071738837299194,-0.2855057117698059,0.8759879516224434
12,-0.31222844156701646,-0.2056521172599488,0.8859518941034141
20,1.8623742464747315,0.14021229763452148,0.730428811187091
11,-0.955049395947571,-0.37942159183404534,0.8584523013244449
17,-0.2690551276093749,-0.9333151574647216,0.8085665073106078
7,-0.013983487667114325,-0.34860277176715093,0.9503543349213069
8,0.010553359787353056,-0.16415399278027348,0.8792544034524183
3,0.3456754689158936,-0.5465154646837769,0.9098691042078064
4,1.4550123210600585,-0.36867982168588265,0.7712975489194414
12,-0.16613745735107432,-0.30828499780285645,0.9342833401088729
7,0.8802815678784179,0.17136358499023438,0.7971951747170363
3,0.2337114812685548,-0.29383343417520147,0.9079914718876076
28,1.6462852952479248,-0.4492306705927125,0.7217830008276738
-1,0.13547635076086406,0.006793856209777793,0.9209603702218525
20,-0.10495424301745615,-0.5461042524346618,0.8651760722651334
16,0.40174305440368663,-0.3641453977570801,0.8497861260149544
16,0.3849258418749999,0.009892225482116657,0.8495017357835577
17,0.10865306827905274,-0.5087411997206726,0.9162433696043311
13,0.6027474408149414,-0.22700679347003172,0.7738010789389154
11,0.11357676989160148,-0.09126690005616755,0.8555436674751606
17,0.5470554830140991,-0.3963163193511811,0.7717927241288289
14,0.9437992575205079,-0.5946457090757904,0.6561852038661848
11,1.2373955252955318,0.32747447495770254,0.8743003756948748
10,0.2977712149495849,-0.01610696269253542,0.8019030207569221
4,0.04709625267688011,-0.04875379759347531,0.9485302441742044
9,0.12859129945166003,-0.023149728847595252,0.9388187307754001
23,0.571945071055908,-0.15887796849987812,0.867254263426984
10,0.13843131104309103,0.17398905785815422,0.9244053938862518
19,0.1279125214162602,-0.016768812768310326,0.9288999117339352
6,0.493175268161377,-0.20801276013284298,0.9115114120381915
38,0.0158698561190187,-0.20110005125375374,0.9395674753715566
-9,0.06432867029870604,0.021350860298522956,0.9369586954301943
7,0.5335366726573487,-0.13642764066845703,0.9343828369308463
7,0.35877257558746334,-0.25589776063824465,0.7757776139972101
2,0.036195516497680824,-0.5484334231166992,0.9345618247852544
14,-0.10657238953454584,-0.08247756940661621,0.9332943597524836
13,0.14746236795715317,-0.08141976629666137,0.9292035241568026
-1,0.44363856269384794,-0.320163429155365,0.9312393012243817
22,0.026553869301880084,0.03063964816485587,0.9386873280256052
24,0.2846539017673342,-0.39081460189889516,0.9005064519871897
3,0.3117140531625977,-0.09636461781668093,0.913093010960295
5,0.2115664478779602,-0.24894449091313176,0.8342426474296156
5,-0.3924179073453369,-0.8091101650902099,0.7212763673929936
14,0.9437991085205077,-0.5946454700757904,0.6561852038661848
3,0.27409231628833,-0.08996427105987581,0.881604327143286
10,1.0182948110650636,-0.36559093025280753,0.8212147116121051
4,0.13232254998400883,-0.29371166273638916,0.8710313959383464
1,1.3877738715135497,0.07515585442590333,0.88335070364651
10,0.22589969642309615,-0.2022036912718812,0.9309974145882276
13,0.7995324130847168,-0.16190350071386717,0.7727143625562114
10,0.5743234160954591,-0.29648947707653805,0.8173561830561458
19,-0.10271763791540511,-0.3182651997355348,0.847965998569764
21,0.48613071402038566,-0.3043378587202148,0.871566564721681
16,0.6701564788792727,-0.15193223940063483,0.9023315536122012
7,0.091554880470337,0.19191998275262434,0.920568023671108
7,0.719333648984253,-0.08876669431842044,0.9141067672332441
9,0.36401867834143076,-0.5293887255201111,0.9303757434671056
11,0.1834956409501345,-0.5647990700350343,0.810768910315615
5,0.40311050437121576,-0.37247669663269045,0.7632267985550303
11,0.2582879068347168,-0.7859668735709839,0.7859094644102866
11,0.15457892391272,-0.02387166025018317,0.8454139846638834
2,1.5233464245091561,-0.27056479426661695,0.7825579223111672
1,0.4356355662972409,-0.004435777236999616,0.8584387261224622
26,0.6443827156800537,-0.07611322430938716,0.8429019265870721
16,0.7386837010285645,-0.25341725311279295,0.7471364618265477
7,0.5586309434144288,0.31759548141076666,0.9258911443182642
13,-0.2437473535807495,-0.08957886733593745,0.8811904398979944
14,0.5833640097763062,0.15952575239295957,0.8571825542301255
7,-0.5753369328355711,0.01818090678562928,0.8444506979263972
11,0.44405078855480973,0.07815647109893797,0.8869998377612461
13,0.21231412847253406,-0.46129214765570103,0.7996692248686474
12,1.0566720959046632,-0.4713009592306521,0.8938206728284872
15,-0.08018088294812031,-0.8100317720874632,0.8762271055594222
14,0.4259315732633058,-0.024016380336364662,0.8686793966874718
13,0.6556611062301023,-0.07593446963043216,0.8505105942527857
10,0.5214655396805421,-0.5423445699817504,0.7984668338814347
6,0.601377784821167,0.15610688897192382,0.941921046652995
24,1.2809425597069093,-0.4788615104904175,0.8185024580053677
7,0.5047805313453368,-0.18561106961923213,0.8682066270737403
9,0.2801482673736573,-0.08051377573986818,0.9091156624518173
11,0.490800201742981,-0.08426523202893066,0.9193937213262899
5,0.2675555945985719,-0.7785645724430541,0.8241445274206539
8,0.592781066425415,-0.7135143278031617,0.8965010342075672
4,0.5051522256175538,0.06347882760272228,0.904303825290336
19,0.05210840710717757,-0.2843720908030396,0.9120998301405328
20,0.3053922656602781,-0.35311293620123285,0.9082281548896599
5,0.015706062377808028,-0.15491473679882795,0.8259398400720459
24,0.3358807563736568,-0.5947110054448548,0.7392205907269868
9,0.4418730737561034,-0.4383509756443176,0.8428898432810237
15,0.7919379472581177,-0.10808157924160766,0.8206044273496949
11,0.09390747497949214,-0.15745228504983522,0.8957819590294467
15,0.5193347933426518,-0.9644602533164062,0.8580734557239876
17,0.35067486764306643,-0.7077013256742553,0.8621352985831177
4,-0.03325748428893993,-0.26322972754455565,0.8891355674059445
10,1.7292984720194091,-0.5667342541913147,0.649402185788937
9,0.6910972590394286,-0.003627270273529104,0.870333944842391
8,0.19176256695141602,0.039075374255172685,0.8689246832802195
14,0.7538571361939699,-0.5160191061909178,0.7676460701898036
6,0.3218953608583983,-0.3126813174576415,0.8603997596961296
10,2.355993032103882,0.583571672164978,0.7293405129216601
9,0.3204097749719239,0.023902893049011276,0.8409310667089339
18,1.0894889831072998,-0.6709833143348389,0.702538795609291
9,0.4519026282854002,-0.029669046623473916,0.8917730919783191
11,1.307815313123169,-0.6295213101991883,0.825526370629452
17,-0.16437339785900873,-0.25795665372303767,0.853206890358013
25,0.0791177745406495,0.020636439805298057,0.7837771374396667
13,0.4551960229503784,-0.07678151117437748,0.8678992073181415
17,0.8431049581456296,-0.41354638343692024,0.8469654192333382
7,0.5211851597795412,-0.3396697041871948,0.8757640331144598
13,0.4698195458706049,-0.8503475191080323,0.7960917059109061
7,0.762680948085083,-0.19901669046675108,0.9193590312942981
10,1.1340422629368896,-0.4068905111450501,0.8285632753334541
17,-0.5472154614871827,-0.18249833601788334,0.8728401779573425
10,0.24720525727770992,-0.357732534477478,0.8953962530896502
6,1.1048940422312012,-0.13437536328332522,0.8528410656992869
18,1.0157485009660645,-0.4362859129356995,0.8494972294540877
11,0.31057447215774536,-0.0471480043366547,0.860447677410308
14,0.9437991085205077,-0.5946454700757904,0.6561852038661848
2,-0.06551003496020513,-0.18437206741381829,0.9315149664208588
14,-0.28393363932775895,-0.9739262159289703,0.8240093403518065
9,0.4365316628961182,-0.2541003822904053,0.8521387515935137
6,-0.37055158581774883,-0.37952172745916757,0.8926439326049298
15,0.46013641386682114,-0.9797198772730102,0.8077647591413608
4,0.5932178497392577,0.21218156834283453,0.9409261638739674
7,0.5220330949195562,-0.07470321649066158,0.9029244235628067
13,0.27814173734020997,-0.15535420205410766,0.8892466251466009
3,-0.05110526063214116,0.19167548386749267,0.9027435231418037
9,0.9393627641380611,-0.6600723567876129,0.8205465079173186
4,-0.1402781009649654,0.0169804101160278,0.885166441198126
12,0.43483102335229495,0.03979051103277609,0.8515792850630753
2,-0.13308250947094735,0.09197175477194208,0.925999922788252
13,1.0034689905628662,0.27152895902496343,0.8662639582886967
16,0.2862818242993166,-0.3781667946875611,0.8108344005242338
15,1.3488278384211425,-0.25347670934147654,0.8305230313670487
16,0.6615084408272704,-0.34623718243743906,0.8270462787069379
14,1.1501640085800782,-0.32911324498156747,0.80434972331996
22,0.6131980422895507,-0.6848785876224976,0.7138796308000299
8,-0.06796884507678236,-0.4393041135751954,0.8467691657354119
10,0.8747936490424804,0.04631185558612061,0.8555337624119622
14,0.9437994359390869,-0.5946455602734679,0.6561852038661848
6,0.8959641452066651,0.06765407343072516,0.898469740937849
9,0.42311143902050796,-0.16210627527423105,0.7891194589781941
9,0.6386570927321777,-0.22123497675808723,0.8868883156509786
8,-0.0859806539656982,-0.5831850769505615,0.9019811202076721
20,0.417425632213257,-0.06172549686712636,0.866770028366034
6,0.8940188887425538,0.18719184350030516,0.8782498660328268
7,0.3991165160118406,0.16762948063238525,0.8868687817684902
6,0.816398620881958,0.03082835625080871,0.8284183209847045
13,0.4945251942000728,0.005841493970947242,0.9334875081535392
3,0.32795226530322275,-0.01031565692211922,0.9021683987283472
15,1.09225308856836,-0.5530863998822022,0.7700198122988233
4,0.4739190337702641,0.17625939844580074,0.9018893659121041
7,-0.12563610072412112,-0.06989693680334463,0.9312144576178167
14,0.12803363836016857,-0.8761596681334839,0.7675072123769149
12,0.12960684293530278,-0.04326081232617218,0.8780183129692827
11,0.05925226217053203,-0.5002801418639526,0.8322961794310603
12,0.7023670673690185,-0.2685104015624695,0.8808170655190979
10,1.0268373492971192,-0.2916293744295654,0.8601736403227271
10,0.5308573249755861,0.24249875589620962,0.8790849940748187
12,0.6270580296192625,-0.6816858051375123,0.8394223951490002
13,0.4164428709432373,0.13033819240948485,0.934359370111824
18,0.14125859687561038,-0.3754143420049286,0.8313245431907769
14,0.31983643736132794,0.021849929872894303,0.7685665636192271
18,0.9519094228651123,-0.43234357257749934,0.7491692454951986
3,0.7231613397299195,-0.30110329376980594,0.8886333548025438
4,0.6656299828658447,-0.2848821875853882,0.9058553052862898
13,0.6922488216514893,-0.16794133158917246,0.8101244575959405
7,0.6872227192741698,-0.11482799021380607,0.9244234438317334
14,0.15334367745446809,-0.6367648837476807,0.8560126818521051
3,0.15161681186083964,-0.1569726467366943,0.9275675856023295
9,-0.059693813189819256,-0.5308698416921998,0.9197384470169814
20,0.7186467652441406,-0.7664771381848297,0.8008462924395762
11,0.7072615618785401,0.1787245270324096,0.8736235859798815
2,0.3216404916986084,-0.6889926190368043,0.8628151945213283
10,0.4970598216667481,0.21742033984686282,0.8105830137215151
10,0.9782702922730722,-0.5184369680804137,0.8134772305157114
17,0.9770421983327642,-0.13574302212243627,0.8019354367494591
6,0.7732437850153808,-0.04354536542340082,0.8584685739650901
16,0.49752509576464843,-0.27693784237243657,0.7869991464962247
11,0.41641831414123587,-0.21016934548124705,0.8241353873623145
14,1.3431833986563722,-1.1139753463664246,0.7477927083773941
10,0.2847919462266848,-0.49236577747555543,0.8684441421626283
9,0.30403327949499515,-0.3647174836395264,0.8788909121937483
14,0.9437991085205077,-0.5946454700757904,0.6561852038661848
14,0.861323833363159,0.06590497529486083,0.8859250884312098
7,1.2627682681832275,-0.08209204625006095,0.7890671920862892
11,0.3917247059640503,-0.24523735024804683,0.9172575785172659
8,0.4216350321104736,-0.16745901066900637,0.8932774765333518
9,0.25172615098962403,-0.45234489464117433,0.855852961192243
10,0.7023221254011232,0.13539189147817998,0.8543814005908623
14,1.114624499908813,0.42741405919317654,0.8460369185286953
11,0.14113450000354,-0.043629884836730914,0.921258652473694
7,0.21848511701403828,-0.0035703187140503356,0.9067136623151817
4,0.47146505071960454,0.3178012370106812,0.86053422677193
-5,0.10735917043444787,-0.5424746867406921,0.9180874231189866
8,0.31179976417395006,0.07538723978399653,0.8688221569322507
10,0.20216870332202097,-0.26489329361950675,0.8980549384765076
13,0.2378613948291015,-0.08702099347198478,0.9036431806863641
6,-0.12821316682421902,-0.5584043855605163,0.9226382994884299
11,0.4199780229981689,-0.37984150662036137,0.8916825838169686
7,0.20762443557482912,-0.18377733231066884,0.9043141520135922
16,0.4418034556185302,-0.40570822370899967,0.8676730692946923
14,0.04250168806860355,-0.11713728350820929,0.9094276423378377
14,-0.24547433868225088,-0.3111224773152771,0.8804011368686772
4,0.5759970548203125,-0.047329634476119986,0.876872265617404
14,0.9437991085205077,-0.5946454700757904,0.6561852038661848
3,0.6232335567299194,-0.2678998707698059,0.8744865030870337
9,0.4131438728630372,-0.2282676696801147,0.8790191101178046
12,0.8431663511173095,0.03125500640448009,0.8319647357617213
13,0.4355375762199707,-0.8522694108984376,0.8452249376898849
4,0.1342155930925295,-0.9165589814202881,0.8367493289838124
10,1.008411645821167,-1.1625519987454223,0.8094090500253959
2,0.04865098018274017,-0.23659765762304685,0.8993152370538354
18,1.0731450317069091,-1.0829946396562806,0.7276954491800814
5,0.384252786838867,-0.11984360265155036,0.7965024551801959
5,0.7145949006818235,0.0736131072637024,0.8685073793604262
6,0.7493306995408936,0.1285556552990723,0.8772021191518639
11,0.7404904369664307,-0.4906690118206176,0.8302919783768223
9,0.257270574864624,-0.6344309453509216,0.8891428701691492
20,0.5952622888341064,-0.10479128323565678,0.8138935100192647
7,0.5763124229275514,-0.33560231318620304,0.8196558279147692
9,1.4965080026820068,-0.4558937847689057,0.7791745568078642
9,-0.4574401375858148,-0.9082412721409914,0.872521745756466
19,1.5123224258894044,-0.5796053408728028,0.7439592658828147
7,0.2783255573215332,0.00016130531813049465,0.8431177078136243
14,0.9437991085205077,-0.5946454700757904,0.6561852038661848
7,0.6124368311308593,-0.1354624034649048,0.8704294772317691
13,1.239958047851685,-0.2273491625243531,0.7226990129787015
14,1.2813577653132322,-0.5518659357759399,0.8434379514496528
8,0.6788372989044191,0.5037702325526123,0.8619370936587195
10,1.7312287092108154,0.1966580156175537,0.8288586755218313
10,0.7120378019475098,-0.15713930162237566,0.8506609748292145
12,1.346071958708618,0.2748334412200928,0.695287913373547
6,1.872103452933105,-1.0075024364563598,0.7220656052303487
10,1.786222100576294,0.28297531566571044,0.8737765416895327
5,1.7930567266668702,0.16857457174810797,0.8108418211650126
2,0.11547207784851077,-0.44475805711004623,0.8702122847266931
13,0.3775315279941407,-0.37314125932279973,0.8629834468400913
15,1.5227048396671143,-0.20202779761724832,0.7978174579654348
14,0.17746830026586924,-0.8651524782902833,0.8498849572473759
13,0.8701262471571045,-1.0049111839218139,0.7363747560698168
4,-0.045444011870483525,-0.4034754039226074,0.8814021517849782
9,0.3543872834366453,0.2024787366275635,0.8299097497039634
8,0.41230034831848084,-0.6100527344006501,0.7858946667024559
15,0.6659896376870122,-1.1678507325981444,0.8382953285145496
15,0.7392637733977052,-1.1642283205689088,0.8040018803683958
3,0.5639802215432739,-0.5947656633171386,0.7824856895478798
4,-0.36019039137194797,-0.9882441757575069,0.8652179650943848
12,0.1409056182950441,-1.2604442235951232,0.760302020887284
9,1.0467240811531981,-0.3845174904684754,0.7937935972441088
19,0.21244192077575663,-0.7763029929007264,0.888748842664288
6,0.22515118159570302,-0.21806818268640138,0.9030046354167722
22,0.6656079287379151,-0.913765907685608,0.8818473722675735
2,0.3472807406331788,-0.576431036177002,0.8719386017523778
2,0.808664680014038,-0.785529195889618,0.8646587839809763
10,0.4300992491947022,-0.8345453741481323,0.8253657734197903
23,0.38992667193444763,-0.41460692919329845,0.8691745550577299
19,0.5487778181971441,-0.365824818163208,0.8844424778577612
4,0.32040429128198245,-0.7771425247993775,0.796755100996085
6,0.5061771269656983,-0.20636188992687987,0.9303764726326139
7,0.14264702844103994,-0.4741771518350983,0.8532667018789394
7,0.3103713984908447,-0.3826431032501221,0.8966264052169991
23,2.1032493112313233,0.26596140814910885,0.7721597659599095
12,1.2928400039575196,0.833095193024231,0.772895038796465
13,1.02203822184375,-0.198633909071106,0.7863400939838077
9,0.3498013022000728,-0.6028730872574464,0.7747447765997169
15,1.2257217170874024,0.023643612765869237,0.6880098332868334
9,0.24650692984509281,-0.1597490313548584,0.8088985224324814
2,-0.15367007279541012,-0.5890001060039673,0.91345085287014
16,0.6017379765576174,-0.1943041090385742,0.8567462045952512
12,0.28228807436181635,-0.33905005476556394,0.924760780308556
9,0.7329045534376222,-0.19415378568688968,0.8679423098487284
10,-0.020103931109863193,-0.0773602723699951,0.9156207174378193
7,0.13053786783172605,-0.18590632037092591,0.8071009128993296
8,0.6198642251536866,-0.04449808641931152,0.9509461756513766
13,-0.06492710077270525,0.27187244558258056,0.8872254400588101
6,0.588112592462769,-0.21942251922363276,0.8993227444091723
9,0.3200700285,-0.9040170014274445,0.8262270754031706
0,1.0111678835687257,0.25517976303283696,0.8621572521921991
1,0.568122028853028,-0.23155075336801145,0.8722484251054587
3,0.3403747079783934,0.0428956152454224,0.902175805701549
12,0.16679525352697722,-0.8952405455762329,0.8599786830042357
11,1.6455435752354737,0.47149908557550047,0.8059281740830215
23,0.8842347859891362,-0.5125681165474854,0.8485117453273039
5,0.31634950618988045,-0.16026365767327877,0.9097009181015661
48,2.2721170187357176,-0.26256310923004156,0.6622443707314745
4,0.1301794052458496,-0.04215979594903563,0.9171416320767751
9,1.0624940391937256,0.148812532310852,0.9067889681539076
9,0.4451105595178224,-0.35887545394277964,0.9147658596800835
6,0.3724057679188233,-0.7696171401329039,0.8935854560098446
4,0.11486399217980958,-0.02352201936407461,0.9096549121633193
17,0.954202175173096,0.2510654924318234,0.8438532959571305
1,0.010210275903808519,-0.6750831008833924,0.8997150373677542
9,0.5108032228515627,-0.07495737046575934,0.8584258827462496
16,0.4790391918852539,-0.010335266179260283,0.8944581771501587
9,0.4511870739537964,-0.0745199916042481,0.7834106087072678
12,0.850526809741333,0.0030490161484375555,0.9026442199070797
10,0.56240844721582,0.03199803879107699,0.9107273411514851
10,1.1611053944677732,0.10147464262091055,0.8915561318956216
12,0.9272372722222901,-0.35534381866070563,0.825429733447929
3,0.443720817434204,0.06666600715521231,0.9124702996655369
4,0.47409397343579096,-0.04909604753530883,0.8813126667417813
16,0.5657953028405762,-0.14673870803192135,0.9260528474010778
18,1.2372562889539795,-0.5851806994723816,0.7883261713011243
12,0.3631439206295166,0.3326362370345459,0.9019506642083938
2,0.24352312113317875,0.07735174855747978,0.9441055109895345
24,0.4138097762231445,-0.07655322508416762,0.8767708201362031
17,1.2529120440992432,-0.4517506952695618,0.865884092420024
10,0.634992599235962,0.5749502177457886,0.9434398680308731
10,1.3441528086523442,-0.5171638728411255,0.7554535899411734
6,0.8231396672464601,0.36637568438763446,0.8800092553874644
5,-0.029422283610107236,-0.9957507251965028,0.8205197795496908
2,0.14856815317663563,0.01595246795404026,0.9640810855313504
14,-0.17058479742926003,-0.13336491569281006,0.9191938867531314
4,0.17150819307373055,0.0029137726073913406,0.9279889206231344
14,0.9437993469390868,-0.5946453806688232,0.6561852038661848
